[[[ 1.0448948e-06 -3.7318001e-05]
  [ 1.8475943e-07 -1.5204829e-03]
  [-7.4845865e-08  1.4448467e-03]
  [ 7.4403630e-08  5.5261637e-05]
  [ 1.1354328e-08  3.1228887e-04]
  [-1.2930127e-06 -5.5225077e-04]
  [ 2.8958341e-11 -1.2034317e-06]
  [ 4.5850538e-06 -1.0272182e-05]]

 [[-1.5994985e-06  4.3470563e-06]
  [ 7.5676809e-07  6.6800229e-04]
  [-8.9813376e-08 -1.5471835e-04]
  [ 1.6083374e-07  3.3699245e-05]
  [-1.2899353e-08  8.3763828e-04]
  [ 8.9663217e-07  2.2067930e-04]
  [-6.2714517e-10  8.8665065e-06]
  [-8.1272066e-07  2.5417036e-04]]]
[[[ 1.04489209e-06 -3.73180301e-05]
  [ 1.84759841e-07 -1.52048911e-03]
  [-7.48457580e-08  1.44484604e-03]
  [ 7.44035162e-08  5.52615238e-05]
  [ 1.13543495e-08  3.12288350e-04]
  [-1.29300963e-06 -5.52250305e-04]
  [ 2.89585265e-11 -1.20323409e-06]
  [ 4.58505338e-06 -1.02721588e-05]]

 [[ 8.82984068e-07 -1.23831364e-06]
  [-3.37222673e-07 -2.27127783e-03]
  [-3.53127447e-08  9.39292513e-05]
  [-3.71252540e-08  9.86386804e-05]
  [ 5.09318987e-09  4.50338994e-04]
  [ 1.14959153e-06 -1.44737438e-04]
  [ 5.20208043e-10  2.21650735e-05]
  [ 7.29082956e-07  1.91072286e-05]]]
